P -> 0
P -> 1
P -> 2
P -> 3
P -> 4
P -> 5
P -> 6
P -> 7
P -> 8
P -> 9
P -> 10
K <- 0
K <- 1
P -> 11
K <- 2
P -> 12
K <- 3
P -> 13
K <- 4
P -> 14
K <- 5
P -> 15
K <- 6
P -> 16
K <- 7
P -> 17
K <- 8
P -> 18
K <- 9
P -> 19
K <- 10
P -> 20
K <- 11
P -> 21
K <- 12
P -> 22
K <- 13
P -> 23
K <- 14
P -> 24
K <- 15
P -> 25
K <- 16
P -> 26
K <- 17
P -> 27
K <- 18
P -> 28
K <- 19
P -> 29
K <- 20
P -> 30
K <- 21
P -> 31
K <- 22
P -> 32
K <- 23
P -> 33
K <- 24
P -> 34
K <- 25
P -> 35
K <- 26
P -> 36
K <- 27
P -> 37
K <- 28
P -> 38
K <- 29
P -> 39
K <- 30
P -> 40
K <- 31
P -> 41
K <- 32
P -> 42
K <- 33
P -> 43
K <- 34
P -> 44
K <- 35
P -> 45
K <- 36
P -> 46
K <- 37
P -> 47
K <- 38
P -> 48
K <- 39
P -> 49
K <- 40
P -> 50
K <- 41
P -> 51
K <- 42
P -> 52
K <- 43
P -> 53
K <- 44
P -> 54
K <- 45
P -> 55
K <- 46
P -> 56
K <- 47
P -> 57
K <- 48
P -> 58
K <- 49
P -> 59
K <- 50
P -> 60
K <- 51
P -> 61
K <- 52
P -> 62
K <- 53
P -> 63
P -> 64
K <- 54
K <- 55
P -> 65
K <- 56
P -> 66
K <- 57
P -> 67
K <- 58
P -> 68
K <- 59
P -> 69
K <- 60
P -> 70
K <- 61
P -> 71
K <- 62
P -> 72
K <- 63
P -> 73
K <- 64
P -> 74
K <- 65
P -> 75
K <- 66
P -> 76
K <- 67
P -> 77
K <- 68
P -> 78
K <- 69
P -> 79
K <- 70
P -> 80
K <- 71
P -> 81
K <- 72
P -> 82
K <- 73
K <- 74
K <- 75
K <- 76
P -> 83
P -> 84
P -> 85
P -> 86
K <- 77
P -> 87
K <- 78
P -> 88
K <- 79
P -> 89
K <- 80
P -> 90
K <- 81
P -> 91
K <- 82
P -> 92
K <- 83
P -> 93
K <- 84
P -> 94
K <- 85
P -> 95
K <- 86
P -> 96
K <- 87
P -> 97
K <- 88
P -> 98
K <- 89
P -> 99
K <- 90
K <- 91
K <- 92
K <- 93
K <- 94
K <- 95
K <- 96
K <- 97
K <- 98
K <- 99